Loaded 354 exceptions
Loaded 377 regular services
Reduced to 295 available services
Banned stops (way too little trips):
Sídliště Uhříněves: 10, 21600, 24000, 28800
Pod Hradem: 9, 18000, 20160, 21600
Zadní Jiviny: 7, 14400, 15120, 16200
Zderazská: 16, 10800, 11400, 14400
Nýrská: 8, 10800, 11100, 12600
Dolní Šárka: 24, 7200, 7740, 9180
Kalinův mlýn: 24, 7200, 7740, 9180
Korek: 24, 7200, 7740, 9180
Kuliška: 24, 7200, 7740, 9180
Na Mlýnku: 24, 7200, 7740, 9180
Šatovka: 24, 7200, 7740, 9180
Žežulka: 24, 7200, 7740, 9180
Ametystová: 13, 7200, 7385.45454545455, 8220
Pod Lahovskou: 13, 7200, 7385.45454545455, 8220
Živcová: 13, 7200, 7385.45454545455, 8220
Lahovská: 13, 7140, 7380, 8220
Plánická: 13, 7140, 7380, 8220
Pod Říhákem: 13, 7140, 7380, 8220
Solná: 13, 7140, 7380, 8220
U Kestřánků: 13, 7140, 7380, 8220
Poliklinika Frýdecká: 26, 7200, 7363.63636363636, 9000
Šumperská: 26, 7200, 7363.63636363636, 9000
Dehtínská: 13, 7200, 7330.90909090909, 7920
Kolová: 13, 7200, 7330.90909090909, 7920
Příbramská: 13, 7200, 7330.90909090909, 7920
Viničky: 13, 7200, 7330.90909090909, 7920
Vojetická: 13, 7200, 7330.90909090909, 7920
Zdická: 13, 7200, 7330.90909090909, 7920
K Třebonicům: 26, 6540, 7320, 8580
Třebonice: 26, 6540, 7320, 8580
Ve Výrech: 26, 6540, 7320, 8580
Na Slovance: 24, 7200, 7290, 9000
Vinopalnická: 24, 7200, 7290, 9000
Domov seniorů Ďáblice: 25, 7200, 7285.71428571429, 8100
Příborská: 25, 7200, 7285.71428571429, 9000
Třinecká: 25, 7200, 7285.71428571429, 9000
Bártlova: 26, 7200, 7227.27272727273, 7800
Čertousy: 26, 7200, 7227.27272727273, 7800
Moravanská: 26, 7200, 7219.09090909091, 7560
Cholupické náměstí: 26, 7200, 7216.36363636364, 7500
Cholupický hřbitov: 26, 7200, 7216.36363636364, 7500
Nad Závistí: 13, 7200, 7210.90909090909, 7260
K Cikánce: 26, 7200, 7205.45454545455, 7320
Pod Lochkovem: 26, 7200, 7202.72727272727, 7260
Baba I: 26, 7200, 7200, 7200
Baba II: 26, 7200, 7200, 7200
Bečovská: 26, 7200, 7200, 7200
Brodecká: 26, 7200, 7200, 7200
Břeclavská: 26, 7200, 7200, 7200
Chodovická: 26, 7200, 7200, 7200
Cholupický vrch: 26, 7200, 7200, 7200
Cikánka: 26, 7140, 7200, 7260
Darwinova: 27, 7200, 7200, 7200
Dercsenyiho: 26, 7200, 7200, 7200
Do Koutů: 26, 7200, 7200, 7200
Do Lipan: 26, 7200, 7200, 7200
Druhanická: 26, 7200, 7200, 7200
Dubečský hřbitov: 13, 7200, 7200, 7200
Dělostřelecká: 26, 7200, 7200, 7200
Hornocholupická: 26, 7200, 7200, 7200
Hájová: 26, 7200, 7200, 7200
K Austisu: 13, 7200, 7200, 7200
K Hádku: 26, 7200, 7200, 7200
K Tuchoměřicům: 25, 7200, 7200, 7200
K Vystrkovu: 26, 7200, 7200, 7200
K Říčanům: 26, 7200, 7200, 7200
Ke Schodům: 13, 7200, 7200, 7200
Královice: 25, 4020, 7200, 9000
Kutvirtova: 26, 7200, 7200, 7200
Lehárova: 26, 7200, 7200, 7200
Lipany: 26, 7200, 7200, 7200
Lomy: 26, 7140, 7200, 7260
Lánská: 26, 7200, 7200, 7200
Maškův mlýn: 26, 7140, 7200, 7260
Milíčov: 13, 7200, 7200, 7200
Mokrá: 26, 7200, 7200, 7200
Mrázovka: 26, 7200, 7200, 7200
Na Cikorce: 13, 7200, 7200, 7200
Na Svěcence: 26, 7200, 7200, 7200
Nad Dvorem: 26, 7200, 7200, 7200
Nad Dívčími hrady: 13, 7200, 7200, 7200
Nad Konvářkou: 13, 7200, 7200, 7200
Nad Laurovou: 26, 7200, 7200, 7200
Nad Parkánem: 26, 7200, 7200, 7200
Nedvězí: 26, 7200, 7200, 7200
Novozámecká: 26, 7200, 7200, 7200
Nové Komořany: 26, 7200, 7200, 7200
Nádraží Kyje: 26, 7200, 7200, 7200
Poliklinika Háje: 27, 7200, 7200, 7200
Poliklinika Lípa: 27, 6900, 7200, 7440
Pánkova: 26, 7200, 7200, 7200
Radnice Praha 12: 13, 7200, 7200, 7200
Radnice Praha 6: 26, 7200, 7200, 7200
Rooseveltova: 26, 7200, 7200, 7200
Ruzyňský velkoobchod: 26, 7200, 7200, 7200
Sekeřická: 13, 7200, 7200, 7200
Slatiňanská: 26, 7200, 7200, 7200
Smíchovský hřbitov: 26, 7200, 7200, 7200
Soukalova: 26, 7200, 7200, 7200
Stachova: 26, 7200, 7200, 7200
Studenecká: 13, 7200, 7200, 7200
Tyršova čtvrť: 26, 7200, 7200, 7200
Tálínská: 26, 7200, 7200, 7200
U Blaženky: 13, 7200, 7200, 7200
U Lomů: 26, 7140, 7200, 7260
U Prioru: 26, 7200, 7200, 7200
U Rozcestí: 26, 7200, 7200, 7200
U Uhříněveské obory: 13, 7200, 7200, 7200
Wagnerova: 26, 7200, 7200, 7200
Xaverov: 26, 7200, 7200, 7200
Zadní Kopanina: 26, 7140, 7200, 7260
Zmrzlík: 26, 7200, 7200, 7200
Zálužická: 26, 7200, 7200, 7200
Čechtická: 26, 7200, 7200, 7200
Černý vrch: 26, 7200, 7200, 7200
Českomalínská: 26, 7200, 7200, 7200
Štorkánova: 26, 7200, 7200, 7200
Ordovická: 26, 6900, 7197.27272727273, 7440
U Jahodnice: 26, 7140, 7197.27272727273, 7200
U Počernického rybníka: 26, 7140, 7197.27272727273, 7200
U Radiály: 26, 7140, 7197.27272727273, 7200
Vinice Dolní Počernice: 26, 7140, 7197.27272727273, 7200
Za Mototechnou: 26, 6900, 7197.27272727273, 7440
Nad Rybníkem: 13, 7140, 7194.54545454545, 7200
Do Chuchle: 13, 7080, 7178.18181818182, 7200
Grussova: 27, 6960, 7173.91304347826, 7200
Klukovice: 27, 6960, 7173.91304347826, 7200
Pacoldova vápenka: 26, 6960, 7172.72727272727, 7200
Pod Mezí: 26, 6960, 7172.72727272727, 7200
Stará Holyně: 26, 6960, 7172.72727272727, 7200
Na Hůrce: 26, 3600, 7167.27272727273, 9480
Skládka Ďáblice: 30, 3600, 6572.30769230769, 7620
Kolodějská obora: 28, 3720, 6525, 7200
Sovákova: 30, 5280, 6300, 7200
Za Novákovou zahradou: 30, 5160, 6300, 7200
K Zelenči: 13, 4200, 6054.54545454545, 11700
Logistická zóna Horní Počernice: 13, 4200, 6054.54545454545, 11700
Nádraží Řeporyje: 33, 3600, 5708.27586206897, 7200
Ořešská: 33, 3600, 5704.13793103448, 7200
Mrákovská: 33, 3600, 5700, 7200
Hájek: 34, 4440, 5340, 7200
Uhříněveský hřbitov: 38, 2520, 4927.05882352941, 6600
Norbertov: 37, 3900, 4852.72727272727, 6900
Náměstí Před Bateriemi: 37, 4020, 4852.72727272727, 6780
Talichova: 37, 4260, 4852.72727272727, 6540
U Vojenské nemocnice: 37, 4380, 4852.72727272727, 6420
K Housličkám: 38, 3480, 4690.58823529412, 7200
Sezemická: 39, 3600, 4678.28571428571, 6240
Do Čertous: 39, 3600, 4673.14285714286, 6240
Paceřická: 39, 3600, 4652.57142857143, 6720
Lidečská: 40, 3600, 4601.66666666667, 7140
Na Radosti: 20, 1800, 4403.33333333333, 7140
Nebušice: 46, 3600, 4000, 7200
Prebslova: 47, 3600, 3922.32558139535, 7200
Benice: 46, 3600, 3817.14285714286, 6780
K Lipanům: 46, 3600, 3817.14285714286, 6660
Lnářská: 46, 3600, 3817.14285714286, 6360
Rájecká: 46, 3600, 3817.14285714286, 6480
Fashion Arena Štěrboholy: 46, 2400, 3781.42857142857, 5400
Bohnické údolí: 47, 3600, 3746.51162790698, 6300
U Drahaně: 47, 3600, 3746.51162790698, 6300
Národní technická knihovna: 48, 2880, 3744.54545454545, 7200
Studentský dům: 48, 3000, 3744.54545454545, 7200
Nemocnice Bohnice - Hlavní vrátnice: 45, 3600, 3731.70731707317, 6300
Nemocnice Bohnice - Centrální terapie: 22, 3600, 3690, 5400
Nemocnice Bohnice - Divadlo Za plotem: 22, 3600, 3690, 5400
Staré Bohnice: 49, 3000, 3680, 6300
Nemocnice Bulovka: 25, 3600, 3678.26086956522, 5400
Nemocnice Bulovka - gynekologie: 25, 3600, 3678.26086956522, 5400
Nemocnice Bulovka - onkologie: 25, 3600, 3678.26086956522, 5400
Rembrandtova: 52, 3600, 3646.25, 4440
K Juliáně: 50, 3240, 3639.13043478261, 5040
Na Mlýnici: 50, 3000, 3639.13043478261, 4800
U Václava: 50, 3120, 3639.13043478261, 4920
Mototechna: 52, 3600, 3631.25, 4620
Královická: 51, 3600, 3626.8085106383, 4200
Sídliště Skalka: 51, 3600, 3624.25531914894, 4320
Hrnčíře: 52, 3540, 3623.75, 3900
Drazdecká: 26, 3540, 3622.5, 3900
Nevanova: 52, 3000, 3618.75, 4320
Radimova: 52, 2880, 3617.5, 4500
Sídliště Jinonice: 51, 3600, 3616.59574468085, 3900
K Trninám: 52, 2880, 3616.25, 4440
Dopravní hřiště Vypich: 52, 2820, 3615, 4500
Na Vypichu: 52, 2820, 3615, 4500
Selských baterií: 52, 2820, 3615, 4500
Šedivého: 52, 2820, 3615, 4500
Vidoule: 51, 3600, 3614.04255319149, 3840
Hutmanka: 52, 3600, 3613.75, 3840
Pod Šmukýřkou: 52, 3600, 3613.75, 3840
Spiritka: 52, 3600, 3613.75, 3840
U Měchurky: 52, 3600, 3613.75, 3840
Butovická: 25, 3600, 3610.4347826087, 3720
Karlštejnská: 50, 3600, 3610.4347826087, 3840
K Hájům: 51, 3600, 3610.21276595745, 3840
Jinonická: 26, 3600, 3610, 3840
Volyňská: 52, 3600, 3610, 3900
Ke Kaménce: 52, 2820, 3608.75, 4500
Bukovinská: 52, 3600, 3607.5, 3900
Cholupice: 52, 3600, 3607.5, 3900
Ctěnice: 52, 3600, 3607.5, 3900
Ctěnický zámek: 52, 3600, 3607.5, 3900
Hrazanská: 52, 3600, 3607.5, 3900
Jilemnická: 52, 3600, 3607.5, 3900
Kusá: 26, 3420, 3607.5, 3780
Pod Nouzovem: 52, 3600, 3607.5, 3900
Rousínovská: 52, 3600, 3607.5, 3900
Točná: 52, 3600, 3607.5, 3780
Valcha: 52, 3600, 3607.5, 3900
Za Čimickým hájem: 51, 3600, 3605.10638297872, 3840
Hasičská: 26, 3600, 3605, 3660
Holoubkovská: 52, 3600, 3605, 3780
K Lesoparku: 52, 3600, 3605, 3780
Obchodní centrum Lipence: 26, 3600, 3605, 3660
Přívorská: 52, 3600, 3605, 3840
Sídliště Na Groši: 52, 3600, 3605, 3780
U Průseku: 52, 3600, 3605, 3780
V Rybníčkách: 52, 3600, 3605, 3720
Záveská: 52, 3600, 3605, 3780
Štěchovická: 52, 3600, 3605, 3780
Hrdlořezská: 50, 3600, 3603.91304347826, 3780
Na Lukách: 50, 3600, 3603.91304347826, 3780
Murmanská: 51, 3600, 3603.82978723404, 3780
Pod Rapidem: 51, 3600, 3603.82978723404, 3780
Lochkov: 52, 3600, 3603.75, 3720
Budovec: 52, 3600, 3602.5, 3660
Cementárna Radotín: 52, 3540, 3602.5, 3720
Frančíkova: 52, 3600, 3602.5, 3720
Kardausova: 26, 3600, 3602.5, 3660
Klánovice: 52, 3540, 3602.5, 3720
Konvářka: 26, 3600, 3602.5, 3660
Lahovický most: 26, 3600, 3602.5, 3660
Práčská: 52, 3600, 3602.5, 3720
Přímské náměstí: 52, 3540, 3602.5, 3720
Safírová: 52, 3540, 3602.5, 3720
U Křížku: 52, 3600, 3602.5, 3720
V Sudech: 52, 3540, 3602.5, 3720
Výhledské náměstí: 52, 3600, 3602.5, 3660
Winklerova: 52, 3600, 3602.5, 3660
Za Chalupami: 52, 3600, 3602.5, 3720
Dívčí hrady: 52, 3600, 3601.25, 3660
Filosofská: 52, 3600, 3601.25, 3660
Korandova: 52, 3600, 3601.25, 3660
Pod Konvářkou: 52, 3600, 3601.25, 3660
Přístav Radotín: 52, 3600, 3601.25, 3660
V Zátiší: 52, 3600, 3601.25, 3660
Višňová: 52, 3600, 3601.25, 3660
Apolinářská: 48, 3600, 3600, 3600
Barrandovská: 26, 3600, 3600, 3600
Bazén Hloubětín: 52, 3600, 3600, 3600
Betonárka: 52, 3600, 3600, 3600
Bílenecké náměstí: 51, 3600, 3600, 3600
Do Rybníčků: 26, 3600, 3600, 3600
Dobronická: 52, 3480, 3600, 3780
Dolnopočernický hřbitov: 26, 3600, 3600, 3600
Dolní Chabry: 51, 3600, 3600, 3600
Dreyerova: 52, 3600, 3600, 3600
Dubeč: 52, 3600, 3600, 3600
Dvorní: 25, 3600, 3600, 3600
Dyrinka: 24, 3600, 3600, 3600
Dětská nemocnice Karlov: 24, 3600, 3600, 3600
Franty Kocourka: 25, 3600, 3600, 3600
Fruta: 52, 3600, 3600, 3600
Haštalské náměstí: 25, 3600, 3600, 3600
Hlávkova: 52, 3600, 3600, 3600
Horní cesta: 26, 3600, 3600, 3600
Hradební: 51, 3600, 3600, 3600
K Chatám: 52, 3600, 3600, 3600
K Obecním hájovnám: 52, 3540, 3600, 3660
Kateřinská: 24, 3600, 3600, 3600
Kbelská: 52, 3600, 3600, 3600
Ke Klíčovu: 52, 3600, 3600, 3600
Ke Koulce: 25, 3600, 3600, 3600
Ke Xaverovu: 52, 3600, 3600, 3600
Kesnerka: 25, 3600, 3600, 3600
Klánova: 51, 3600, 3600, 3600
Klášterecká: 52, 3600, 3600, 3600
Klíčov: 52, 3600, 3600, 3600
Klíčovská: 52, 3600, 3600, 3600
Kolovraty: 52, 3600, 3600, 3600
Kostrounek: 52, 3540, 3600, 3660
Krocínka: 52, 3600, 3600, 3600
Krňovická: 26, 3600, 3600, 3600
Květinková: 25, 3600, 3600, 3600
Lipence: 52, 3540, 3600, 3660
Lísek: 52, 3600, 3600, 3600
Malešický park: 51, 3600, 3600, 3600
Mariánské náměstí: 50, 3600, 3600, 3600
Masná: 26, 3600, 3600, 3600
Michnovka: 52, 3600, 3600, 3600
Mílová: 52, 3420, 3600, 3720
Měděnecká: 51, 3600, 3600, 3600
Na Bojišti: 24, 3600, 3600, 3600
Na Pramenech: 52, 3600, 3600, 3600
Na Srpečku: 52, 3600, 3600, 3600
Nad Havlem: 52, 3600, 3600, 3600
Nad Košíkem: 52, 3540, 3600, 3660
Nad Rybníky: 52, 3600, 3600, 3600
Nový Střížkov: 52, 3600, 3600, 3600
Nádraží Hlubočepy: 52, 3600, 3600, 3600
Nádraží Velká Chuchle: 52, 3600, 3600, 3600
Okořská: 26, 3600, 3600, 3600
Otakara Vrby: 26, 3600, 3600, 3600
Park Rajská zahrada: 52, 3600, 3600, 3600
Pařížská: 25, 3600, 3600, 3600
Peluněk: 53, 3540, 3600, 3660
Petrské náměstí: 51, 3600, 3600, 3600
Pod Děvínem: 52, 3600, 3600, 3600
Pod Kesnerkou: 25, 3600, 3600, 3600
Pod Krocínkou: 52, 3600, 3600, 3600
Pod Kyjovem: 53, 3540, 3600, 3660
Polygrafická: 52, 3600, 3600, 3600
Praha-Cibulka: 26, 1230, 3600, 7200
Praha-Hlubočepy: 26, 3600, 3600, 3600
Praha-Holyně: 26, 3600, 3600, 3600
Praha-Jinonice: 26, 1200, 3600, 7200
Praha-Stodůlky: 26, 1290, 3600, 7200
Praha-Zlíchov: 26, 3600, 3600, 3600
Praha-Řeporyje: 26, 3600, 3600, 3600
Praha-Žvahov: 26, 1050, 3600, 7200
Průmstav: 52, 3600, 3600, 3600
Radouňova: 52, 3600, 3600, 3600
Rektorská: 51, 3600, 3600, 3600
Rosečská: 52, 3600, 3600, 3600
Ruzyňská: 52, 3600, 3600, 3600
Ruzyňská škola: 52, 3600, 3600, 3600
Serpentina: 26, 3600, 3600, 3600
Slavínského: 52, 3600, 3600, 3600
Spolská: 52, 3600, 3600, 3600
Staroměstské náměstí: 26, 3600, 3600, 3600
Stavební zóna Horní Počernice: 26, 3600, 3600, 3600
Stochovská: 52, 3600, 3600, 3600
Tehovičky: 52, 3600, 3600, 3600
Teplárna Malešice: 52, 3600, 3600, 3600
Tiskařská: 52, 3600, 3600, 3600
Toufarova: 52, 3600, 3600, 3600
Továrny Hostivař: 52, 3600, 3600, 3600
Truhlářská: 26, 3600, 3600, 3600
Tuháňská: 52, 3600, 3600, 3600
U Kapličky: 52, 3540, 3600, 3660
U Kundratky: 52, 3600, 3600, 3600
U Nemocnice: 48, 3600, 3600, 3600
U Prdlavky: 52, 3600, 3600, 3600
U Staré školy: 25, 3600, 3600, 3600
U Studánky: 52, 3600, 3600, 3600
U Střediska: 52, 3600, 3600, 3600
U Továren: 52, 3600, 3600, 3600
Univerzitní: 51, 3600, 3600, 3600
V Bokách: 52, 3600, 3600, 3600
V Chotejně: 52, 3600, 3600, 3600
V Nových domcích: 52, 3600, 3600, 3600
V Uličce: 26, 3600, 3600, 3600
Valdštejnské náměstí: 25, 3600, 3600, 3600
Venušina: 52, 3600, 3600, 3600
Voňkova: 52, 3600, 3600, 3600
Vršovický hřbitov: 52, 3600, 3600, 3600
Václavská: 24, 3600, 3600, 3600
Větrov: 48, 3600, 3600, 3600
Všestarská: 52, 3600, 3600, 3600
Xaverovský háj: 52, 3600, 3600, 3600
Za Hanspaulkou: 23, 3600, 3600, 3600
Za Nadjezdem: 52, 3600, 3600, 3600
Zahradnictví: 52, 3600, 3600, 3600
Zahrádky: 52, 3600, 3600, 3600
Závodiště Chuchle: 52, 3600, 3600, 3600
Čakovická: 52, 3600, 3600, 3600
Škola Kolovraty: 54, 3600, 3600, 3600
Škola Lipence: 52, 3540, 3600, 3660
Špitálka: 24, 3600, 3600, 3600
Šporkova: 25, 3600, 3600, 3600
Ježovická: 52, 3540, 3598.75, 3600
Pošta Újezd nad Lesy: 52, 3540, 3598.75, 3600
Kodymova: 26, 3300, 3597.5, 3840
Kbelský hřbitov: 52, 3420, 3596.25, 3600
Sovenická: 52, 3420, 3596.25, 3600
Zamašská: 52, 3420, 3596.25, 3600
Pučálka: 52, 3480, 3595, 3600
Sedlecký přívoz: 52, 3540, 3595, 3600
Mrkosova: 52, 3360, 3591.25, 3600
Na Hvězdárně: 52, 3360, 3591.25, 3600
Novochuchelská: 52, 3360, 3591.25, 3600
Za Farou: 52, 3420, 3591.25, 3600
Františka Veselého: 52, 2100, 3528.75, 5880
U Tabulky: 52, 2100, 3478.75, 6180
Újezd u Průhonic: 54, 1860, 3465.6, 3660
Ke Smrčině: 55, 2220, 3464.70588235294, 3600
Formanská: 54, 1860, 3464.4, 3600
Na Formance: 54, 2100, 3464.4, 3600
Sukovská: 54, 2040, 3464.4, 3600
Ve Vilkách: 54, 1980, 3464.4, 3600
Kateřinky: 54, 2340, 3462, 3600
Zdiměřická: 54, 2460, 3462, 3600
Pod Oborou: 54, 1800, 3420, 3600
Koloděje: 53, 1800, 3416.32653061224, 3600
Nad Zlíchovem: 56, 2400, 3323.07692307692, 3600
Nádraží Žvahov - Prosluněná: 28, 2400, 3323.07692307692, 3600
Nádraží Žvahov - V Násypu: 28, 2400, 3323.07692307692, 3600
Pod Žvahovem: 28, 2400, 3323.07692307692, 3600
Žvahov: 28, 2400, 3323.07692307692, 3600
K Netlukám: 61, 1860, 3094.73684210526, 3600
Netluky: 60, 1980, 3085.71428571429, 3600
U Mezníku: 60, 2220, 3085.71428571429, 3600
Sídliště Radotín: 65, 2040, 2899.67213114754, 3360
Ruzyňský hřbitov: 65, 2100, 2896.72131147541, 3600
Přední Kopanina: 62, 1560, 2896.55172413793, 3960
Žákovská: 64, 1980, 2888, 3660
Pod Hájem: 64, 2160, 2882, 3600
Nádraží Klánovice: 65, 2520, 2875.08196721311, 3540
Sychrov: 67, 1620, 2842.85714285714, 3540
Praha-Zbraslav: 36, 1560, 2649.70588235294, 3750
Praha-Braník: 36, 1800, 2648.82352941176, 3600
Praha-Komořany: 36, 1500, 2648.82352941176, 3690
Praha-Krč: 36, 1770, 2647.94117647059, 3600
Praha-Modřany zast.: 36, 1440, 2647.94117647059, 3690
Praha-Kačerov: 36, 1740, 2646.17647058824, 3630
K Noskovně: 71, 2400, 2597.01492537313, 3600
Na Parcelách: 71, 2400, 2597.01492537313, 3600
Nad Habrovkou: 71, 2400, 2597.01492537313, 3600
Průhonský háj: 71, 2400, 2597.01492537313, 3600
Škola Nebušice: 71, 2400, 2597.01492537313, 3600
Třeboradický hřbitov: 73, 1380, 2578.26086956522, 3960
Hamplova: 73, 1320, 2501.73913043478, 3600
Na Plácku: 75, 1500, 2492.11267605634, 4020
Kamenolom Zbraslav: 75, 1500, 2489.57746478873, 3840
Strnady: 75, 1500, 2487.04225352113, 3660
Starý Prosek: 77, 1980, 2432.87671232877, 3420
Náměstí Jiřího Berana: 77, 1800, 2427.94520547945, 2760
Prvomájová: 77, 840, 2426.30136986301, 3600
Svatoňovická: 78, 1800, 2419.45945945946, 3240
Škola Dolní Počernice: 78, 1200, 2417.83783783784, 3120
U Bílého Mlýnku: 75, 1800, 2416.9014084507, 3000
Rtyňská: 78, 1800, 2416.21621621622, 3120
Sídliště Zbraslav: 77, 1800, 2414.79452054795, 3120
Novoštěrboholská: 78, 1800, 2413.78378378378, 2940
Khodlova: 39, 1800, 2412.97297297297, 2880
Nádraží Zbraslav: 77, 1860, 2409.86301369863, 3420
Stará obec: 39, 1200, 2409.72972972973, 3240
Závist: 77, 1860, 2408.21917808219, 3420
Vysokovská: 40, 1800, 2406.31578947368, 3300
Na Šabatce: 77, 1980, 2404.93150684932, 3240
Na Viničkách: 39, 1800, 2403.24324324324, 3120
Miškovice: 77, 1920, 2402.46575342466, 2820
K Holyni: 77, 2040, 2401.64383561644, 2760
Obchodní centrum Chuchle: 79, 1860, 2400, 3000
Praha-Zličín: 38, 630, 2400, 3630
Jeřická: 78, 1860, 2399.18918918919, 3300
Baně: 78, 2280, 2398.37837837838, 2520
Škola Slivenec: 78, 1920, 2398.37837837838, 2760
Hostavice: 78, 1800, 2397.56756756757, 2760
Lysolaje: 77, 1320, 2397.53424657534, 3600
Správa sociálního zabezpečení: 78, 1980, 2396.75675675676, 2700
Podnikatelská: 79, 1800, 2396, 3000
Nad Běchovicemi: 78, 1800, 2395.94594594595, 3060
Václava Špačka: 78, 1800, 2395.94594594595, 3060
K Fialce: 77, 1800, 2395.8904109589, 3060
Starolázeňská: 78, 1980, 2395.13513513513, 3000
Dolnoměcholupská: 78, 2040, 2394.32432432432, 2760
Kutnohorská: 78, 1980, 2394.32432432432, 2880
Nádraží Běchovice střed: 78, 1800, 2394.32432432432, 2880
Kazínská: 39, 2040, 2393.51351351351, 2700
Radnice Slivenec: 78, 1800, 2393.51351351351, 2880
Škola Velká Chuchle: 39, 2040, 2393.51351351351, 2700
Blatnická: 78, 1800, 2391.89189189189, 3420
Kyjský hřbitov: 78, 1980, 2391.89189189189, 3000
Nový Slivenec: 78, 2040, 2391.89189189189, 2760
Valtická: 78, 1800, 2390.27027027027, 3480
Sobín: 78, 1740, 2389.45945945946, 3480
Vožická: 77, 1620, 2389.31506849315, 3300
Na Proutcích: 78, 1800, 2388.64864864865, 3420
Starý Zličín: 79, 1800, 2387.2, 3180
Bazar: 78, 1800, 2386.21621621622, 3600
Filmové ateliéry Barrandov: 78, 1800, 2383.78378378378, 3240
Návětrná: 39, 1800, 2383.78378378378, 2760
Opálová: 39, 1800, 2383.78378378378, 2760
Smaragdová: 39, 1800, 2383.78378378378, 2760
Sídliště Černý Most: 78, 1800, 2383.78378378378, 2820
V Remízku: 39, 1800, 2383.78378378378, 2760
Vlastibořská: 39, 960, 2370.81081081081, 3600
Starochuchelská: 39, 1140, 2365.94594594595, 3360
Velká Chuchle: 39, 1140, 2365.94594594595, 3360
Na Blanici: 81, 1440, 2314.28571428571, 3060
Kvasinská: 80, 1380, 2295, 3360
Praha-Holešovice: 40, 270, 2291.05263157895, 3600
Obchodní centrum Sárská: 84, 1680, 2181.75, 3600
Břetislavka: 88, 1260, 2107.85714285714, 3600
Praha-Čakovice: 45, 900, 2073.48837209302, 3600
Ke Hrázi: 91, 840, 2071.72413793103, 3120
Praha-Kbely: 46, 870, 2055.68181818182, 3180
Na Kovárně: 92, 1380, 2033.18181818182, 3060
Praha-Satalice: 45, 630, 2028.13953488372, 3510
Otínská: 94, 720, 2011.33333333333, 3120
Kbelský pivovar: 95, 1500, 1969.45054945055, 2400
Nemocnice Bohnice: 45, 1800, 1904.6511627907, 3600
Nemocnice Bohnice - Interna: 45, 1800, 1904.6511627907, 3600
Nemocnice Bohnice - Ředitelství: 45, 1800, 1904.6511627907, 3600
Poliklinika Malešice: 98, 1800, 1890.63829787234, 3360
Černická: 48, 1800, 1887.39130434783, 3600
Zámky: 96, 1800, 1862.60869565217, 3000
Blažimská: 50, 1800, 1850, 2400
Knovízská: 50, 1800, 1850, 2400
Městský archiv Chodovec: 50, 1800, 1850, 2400
Květnová: 101, 1800, 1848.24742268041, 2400
Liběchovská: 101, 1800, 1848.24742268041, 2400
Hládkov: 44, 1800, 1842.85714285714, 2700
Královka: 88, 1800, 1835.71428571429, 2640
Myslíkova: 103, 1800, 1823.63636363636, 2400
Kyselova: 103, 1740, 1821.21212121212, 2340
Střelničná: 103, 1740, 1821.21212121212, 2280
Braunova: 102, 1800, 1820.20408163265, 2400
Zvonařka: 89, 1800, 1816.23529411765, 2400
K Letňanům: 102, 1800, 1815.30612244898, 2340
Na Boleslavce: 102, 1740, 1814.69387755102, 2520
U Dálnice: 102, 1800, 1813.4693877551, 2400
Poliklinika Petřiny: 102, 900, 1812.85714285714, 2880
Pod Školou: 51, 1800, 1812.24489795918, 2100
Svépravice: 104, 1200, 1812, 2400
Starý Spořilov: 104, 1800, 1810.2, 2340
Krahulčí: 104, 1320, 1809.6, 2280
Naskové: 103, 1800, 1809.09090909091, 2100
Průchova: 103, 1800, 1809.09090909091, 2100
Šmukýřka: 103, 1800, 1809.09090909091, 2100
Sportovní centrum Horní Počernice: 104, 1260, 1809, 2340
Sídliště Horní Počernice: 104, 1260, 1809, 2340
Žabovřeská: 51, 1800, 1808.57142857143, 2160
Hlohová: 103, 1800, 1808.48484848485, 2220
Poliklinika Zahradní Město: 103, 1800, 1808.48484848485, 2220
Hutě: 104, 1800, 1808.4, 2100
Jordánská: 52, 1800, 1808.4, 2100
Lipnická: 104, 1800, 1808.4, 1980
Nádraží Satalice: 52, 1800, 1808.4, 2100
Sicherova: 104, 1800, 1808.4, 2100
Sportareál Satalice: 104, 1800, 1808.4, 2100
Krčský hřbitov: 103, 1800, 1807.87878787879, 2340
Obchodní centrum Zličín: 103, 1800, 1807.87878787879, 2100
Kudrnova: 102, 1800, 1807.34693877551, 2160
Na Košíku: 102, 1800, 1807.34693877551, 2100
Na Sklonku: 102, 1800, 1807.34693877551, 2100
Nádraží Cibulka: 102, 1800, 1807.34693877551, 2100
Pod Šafránkou: 102, 1800, 1807.34693877551, 2160
Přeštická: 102, 1800, 1807.34693877551, 2100
Schodová: 102, 1800, 1807.34693877551, 2100
Sídliště Homolka: 102, 1800, 1807.34693877551, 2160
Toulcův dvůr: 102, 1800, 1807.34693877551, 2100
U Lesíka: 102, 1800, 1807.34693877551, 2100
Weberova: 102, 1800, 1807.34693877551, 2160
Zahradníčkova: 102, 1800, 1807.34693877551, 2040
Dobeška: 104, 1800, 1807.2, 2160
U Dobešky: 104, 1800, 1807.2, 2220
U Háje: 104, 1800, 1807.2, 2040
U Školy: 104, 1800, 1807.2, 2160
Zemanka: 104, 1800, 1807.2, 2220
K Pitkovičkám: 104, 1800, 1806.6, 2220
Nové Pitkovice: 104, 1800, 1806.6, 2040
Koleje Strahov: 103, 1800, 1806.06060606061, 2040
Dvořákova: 104, 1800, 1806, 2100
Habrová: 104, 1800, 1806, 2040
Karenova: 52, 1800, 1806, 1980
Oderská: 104, 1800, 1806, 2040
V Kratinách: 104, 1800, 1806, 2100
Vackov: 104, 1800, 1806, 2100
Ústřední dílny DP: 104, 960, 1806, 2400
Bašteckého: 104, 1800, 1804.8, 2100
Malá Ohrada: 104, 1800, 1804.8, 2100
U Belárie: 104, 1800, 1804.8, 1980
Zátišská: 104, 1800, 1804.8, 2100
Pod Královkou: 105, 1500, 1804.75247524752, 2220
Měchenická: 103, 1800, 1804.24242424242, 2160
Roztylské náměstí: 103, 1800, 1804.24242424242, 2160
Vackova: 103, 1800, 1804.24242424242, 2100
Vinice Hrdlořezy: 50, 1800, 1803.75, 1980
Hříbková: 103, 1800, 1803.63636363636, 1920
Středočeská: 52, 1800, 1803.6, 1920
Toužimská: 104, 1800, 1803.6, 1980
Jezerka: 104, 1800, 1803, 1920
Sdružení: 104, 1800, 1803, 1920
Dolnokřeslická: 103, 1800, 1802.42424242424, 1920
Křeslice: 103, 1800, 1802.42424242424, 1920
Spalovna Malešice: 103, 1800, 1802.42424242424, 1980
Barvy a laky: 104, 1740, 1802.4, 1980
Kolonie: 104, 1800, 1802.4, 1980
Na Výspě: 52, 1800, 1802.4, 1860
Pražská čtvrť: 104, 1800, 1802.4, 1920
Suchdol: 104, 1800, 1802.4, 1980
Výhledy: 52, 1800, 1802.4, 1860
Radiová: 103, 1740, 1801.81818181818, 1980
Doliny: 104, 1800, 1801.8, 1920
Děkanka: 104, 1800, 1801.8, 1920
Holečkova: 104, 1800, 1801.8, 1920
Hřebenka: 104, 1800, 1801.8, 1920
Klikovka: 104, 1800, 1801.8, 1920
Kobrova: 104, 1800, 1801.8, 1920
Na Hřebenech: 104, 1800, 1801.8, 1920
Odlehlá: 104, 1800, 1801.8, 1920
Skloněná: 104, 1800, 1801.8, 1920
Zapova: 104, 1800, 1801.8, 1920
Zelená liška: 104, 1800, 1801.8, 1920
Jitřní: 103, 1800, 1801.21212121212, 1860
U Palaty: 103, 1800, 1801.21212121212, 1920
Dolnokrčská: 104, 1800, 1801.2, 1860
Kelerka: 104, 1800, 1801.2, 1920
Kundratka: 104, 1800, 1801.2, 1920
Na Vrstevnici: 104, 1800, 1801.2, 1860
Novovysočanská: 104, 1800, 1801.2, 1920
Pod Ryšánkou: 104, 1800, 1801.2, 1860
Prosecká: 104, 1800, 1801.2, 1920
Radonická: 104, 1800, 1801.2, 1920
Vlnitá: 104, 1800, 1801.2, 1860
Zatáčka: 104, 1800, 1801.2, 1860
Jankovcova: 103, 1800, 1800.60606060606, 1860
Kuchyňka: 103, 1800, 1800.60606060606, 1860
Rokoska: 103, 1800, 1800.60606060606, 1860
Břevnovská: 104, 1800, 1800.6, 1860
Komárovská: 104, 1800, 1800.6, 1860
Na Smetance: 104, 1800, 1800.6, 1860
Římská: 104, 1800, 1800.6, 1860
Nádraží Krč: 105, 1800, 1800.59405940594, 1860
Basilejské náměstí: 104, 1800, 1800, 1800
Dobročovická: 104, 1800, 1800, 1800
Jalodvorská: 105, 1440, 1800, 1980
Jiráskova čtvrť: 104, 1800, 1800, 1800
K Dubečku: 104, 1740, 1800, 1860
Nemocnice Na Františku: 105, 1800, 1800, 1800
Nemocnice pod Petřínem: 50, 1800, 1800, 1800
Nepasické náměstí: 52, 1800, 1800, 1800
Nové Podolí: 104, 1800, 1800, 1800
Olgy Havlové: 104, 1800, 1800, 1800
Pod Pekařkou: 104, 1800, 1800, 1800
Psohlavců: 52, 1800, 1800, 1800
Pávovské náměstí: 104, 1800, 1800, 1800
Přeštínská: 104, 1560, 1800, 2040
Sedlec: 49, 1800, 1800, 1800
Sídliště Lehovec: 105, 1800, 1800, 1800
U Jankovky: 104, 1680, 1800, 1920
Vrážská: 104, 1620, 1800, 1980
Za Skalkou: 104, 1800, 1800, 1800
Českobrodská: 52, 1800, 1800, 1800
Žárská: 104, 1800, 1800, 1800
Drobná: 104, 1200, 1799.4, 2400
Morseova: 104, 1680, 1799.4, 1860
Pod Zatáčkou: 104, 1740, 1799.4, 1860
U Zvoničky: 104, 1320, 1798.8, 2040
Ke Březině: 104, 1500, 1798.2, 2100
Lipovická: 104, 1380, 1798.2, 2100
Písnice: 104, 1440, 1798.2, 1980
Newtonova: 105, 1620, 1797.62376237624, 1860
Vinořský zámek: 105, 1440, 1797.62376237624, 2160
Mladějovská: 104, 1440, 1797.6, 2160
Kovářova - KD Mlejn: 104, 1020, 1789.2, 2460
Mládí: 104, 1140, 1789.2, 2460
Nová kolonie: 104, 1260, 1789.2, 2460
Raichlova: 104, 1200, 1789.2, 2520
Náměstí U Lva: 103, 1200, 1786.66666666667, 2580
Slatinová: 103, 1260, 1786.66666666667, 2580
Divadlo Horní Počernice: 106, 840, 1771.17647058824, 2280
Holyně: 106, 900, 1770, 2100
Náměstí Olgy Scheinpflugové: 106, 900, 1770, 1980
Hasičská stanice Modřany: 106, 1020, 1769.41176470588, 1920
Observatoř Libuš: 106, 1020, 1769.41176470588, 1920
Bryksova: 104, 780, 1766.4, 2820
Praha-Veleslavín: 54, 720, 1765.38461538462, 2940
Praha-Ruzyně: 53, 690, 1758.82352941176, 3510
Praha-Dejvice: 53, 600, 1737.64705882353, 2220
Satalická obora: 107, 1320, 1736.50485436893, 2100
Praha-Výstaviště: 53, 630, 1729.41176470588, 2040
Poštovská: 109, 900, 1716.57142857143, 2040
Špitálská: 109, 900, 1716.57142857143, 2040
Vozovna Hloubětín: 109, 900, 1714.85714285714, 2100
Na Veselí: 111, 900, 1704.11214953271, 2100
Vozovna Pankrác: 111, 900, 1703.55140186916, 2040
Betáň: 112, 1020, 1676.66666666667, 2460
Pramenná: 111, 1080, 1674.95327102804, 2220
Líbeznická: 116, 540, 1630.71428571429, 1800
Kokořínská: 117, 1020, 1600.35398230089, 2340
Elišky Přemyslovny: 117, 1200, 1598.7610619469, 2100
Nádraží Klánovice-sever: 117, 900, 1596.63716814159, 1860
Obchodní centrum Ruzyně: 122, 1440, 1532.54237288136, 2220
Třeboradice: 123, 900, 1519.15966386555, 2460
Depo Zličín: 125, 360, 1510.4132231405, 2760
Rozýnova: 125, 1440, 1502.47933884298, 1860
U Ladronky: 124, 1440, 1500.5, 1860
Štefkova: 124, 1440, 1500.5, 1860
Hybšmanka: 124, 1440, 1499.5, 1860
Televizní věž: 124, 1440, 1499.5, 1860
Hanspaulka: 126, 1020, 1485.73770491803, 1920
Sušická: 126, 1140, 1485.73770491803, 1920
Šeberov: 128, 780, 1461.77419354839, 2160
Hrnčířský hřbitov: 129, 720, 1457.28, 2280
Pod Vsí: 129, 720, 1457.28, 2160
V Ladech: 129, 720, 1457.28, 2100
Škola Šeberov: 129, 720, 1457.28, 2280
Nemocnice Na Homolce: 127, 900, 1456.09756097561, 2160
Goetheho: 65, 1440, 1455.2380952381, 1800
Krystalová: 128, 960, 1454.03225806452, 1920
Nemocnice Bubeneč: 128, 1440, 1454.03225806452, 1800
Zamenhofova: 128, 960, 1453.06451612903, 1860
Kobyliská střelnice: 127, 900, 1449.75609756098, 1920
Poliklinika Čumpelíkova: 127, 900, 1449.75609756098, 1800
Čertův vršek: 129, 1020, 1449.12, 1800
Zásadská: 130, 900, 1448.57142857143, 1800
Českolipská: 130, 900, 1448.57142857143, 1800
Sídliště Čakovice: 126, 900, 1448.3606557377, 1800
Štěrboholy: 130, 1080, 1447.61904761905, 2280
Škola Štěrboholy: 130, 960, 1447.14285714286, 2160
Petýrkova: 129, 1080, 1446.72, 1860
Laurová: 128, 900, 1445.32258064516, 2220
Záhorského: 130, 1020, 1445.2380952381, 1920
U Kunratického lesa: 129, 960, 1444.8, 1860
Volha: 129, 960, 1444.8, 1860
Škola Radlice: 128, 900, 1444.35483870968, 2280
Terasy: 130, 1320, 1443.33333333333, 1680
Osecká: 131, 1080, 1443.30708661417, 1800
Italská: 130, 1440, 1440.95238095238, 1500
Radhošťská: 130, 1440, 1440.95238095238, 1500
Vinohradská tržnice: 130, 1440, 1440.95238095238, 1500
Reinerova: 130, 960, 1440, 1740
Lohenická: 130, 960, 1439.52380952381, 1740
Radnice Řepy: 130, 1020, 1439.52380952381, 1800
Vinoř: 130, 900, 1439.52380952381, 1800
Škola Řepy: 130, 1200, 1439.04761904762, 1800
Náměstí Winstona Churchilla: 130, 1140, 1438.09523809524, 1800
Strojírenská: 130, 960, 1437.61904761905, 1800
Staré náměstí: 129, 1020, 1437.6, 1800
Libošovická: 131, 1140, 1437.16535433071, 1680
Zbraslav: 131, 1140, 1436.69291338583, 1740
Hulická: 130, 720, 1436.19047619048, 1860
Žabovřesky: 130, 1140, 1436.19047619048, 1620
Nádraží Ruzyně: 129, 1080, 1436.16, 1800
Nádraží Dolní Počernice: 130, 840, 1435.71428571429, 1800
Dolní Měcholupy: 130, 1020, 1434.7619047619, 1800
Třebešovská: 130, 1140, 1434.7619047619, 1800
Smiřická: 130, 480, 1433.80952380952, 1860
Koleje Jižní Město: 130, 900, 1433.33333333333, 1860
Škola Dubeč: 130, 720, 1433.33333333333, 1800
Smržovská: 130, 360, 1432.85714285714, 1860
Nárožní: 129, 900, 1432.8, 2400
Za Pavilonem: 130, 720, 1432.38095238095, 1800
Dubeček: 130, 660, 1431.90476190476, 1800
Högerova: 130, 960, 1431.90476190476, 1800
Lázeňka: 130, 660, 1431.90476190476, 1800
Kapitána Stránského: 131, 840, 1431.49606299213, 1800
Obchodní centrum Černý Most: 130, 900, 1431.42857142857, 1800
Doležalova: 130, 840, 1429.04761904762, 1800
Generála Janouška: 130, 840, 1429.04761904762, 1800
Slivenec: 132, 840, 1420.3125, 1800
Březiněves: 132, 900, 1418.4375, 1800
Na Fabiánce: 132, 840, 1418.4375, 1800
Na Vrchách: 134, 780, 1405.84615384615, 1800
Na Padesátníku: 133, 300, 1399.53488372093, 2220
Kablo: 134, 600, 1397.07692307692, 1800
Jiviny: 135, 900, 1371.75572519084, 1800
Dřevařská: 137, 900, 1357.44360902256, 1920
Nymburská: 137, 900, 1356.54135338346, 1800
Zelené domky: 137, 780, 1354.73684210526, 1800
Lomnická: 143, 420, 1303.59712230216, 1800
Bílý Beránek: 144, 300, 1296.85714285714, 1800
Koleje Větrník: 75, 720, 1255.06849315068, 1860
Ke Kříži: 150, 900, 1246.02739726027, 1800
Nad Markétou: 150, 900, 1239.86301369863, 1800
U Matěje: 150, 780, 1238.6301369863, 1800
Dukla-Juliska: 150, 840, 1236.16438356164, 1800
Na Santince: 150, 840, 1236.16438356164, 1800
Na Fišerce: 149, 840, 1235.58620689655, 1800
Sídliště Rohožník: 152, 840, 1228.37837837838, 1800
Most Závodu míru: 154, 480, 1226.8, 1920
Na Štamberku: 152, 900, 1221.89189189189, 1800
U Spojů: 153, 900, 1219.73154362416, 1800
Na Šafránce: 151, 540, 1218.36734693878, 2160
Ronalda Reagana: 155, 1020, 1212.3178807947, 1800
Sibiřské náměstí: 155, 1020, 1211.52317880795, 1800
Křížová: 153, 1080, 1210.06711409396, 1440
Nušlova: 155, 960, 1209.13907284768, 1680
Praha-Horní Počernice: 76, 420, 1208.10810810811, 2100
Sídliště Kobylisy: 155, 960, 1207.94701986755, 1980
Mirovická: 155, 1080, 1207.54966887417, 1920
Lýskova: 156, 900, 1205.92105263158, 1620
Topolová: 156, 900, 1205.52631578947, 1620
Hostivařské náměstí: 155, 900, 1205.16556291391, 1800
Na Havránce: 155, 1020, 1204.76821192053, 1560
Hostivařský hřbitov: 154, 900, 1204.4, 1680
Zelený pruh: 156, 1140, 1203.94736842105, 1380
Park Maxe van der Stoela: 155, 720, 1203.5761589404, 1740
Poliklinika Černý Most: 155, 900, 1203.5761589404, 1620
Na Jelenách: 156, 900, 1203.55263157895, 1440
Sídliště Zličín: 156, 960, 1203.55263157895, 1560
Jarníkova: 156, 900, 1203.15789473684, 1440
Vlašimská: 156, 900, 1203.15789473684, 1740
Cukrovar Modřany: 155, 900, 1202.78145695364, 1740
Rokycanova: 155, 900, 1202.78145695364, 1680
Ronešova: 155, 960, 1202.78145695364, 1620
Na Petynce: 156, 1020, 1202.76315789474, 1500
Vinořský hřbitov: 157, 780, 1202.74509803922, 1500
Praha-Eden: 79, 90, 1202.72727272727, 1800
Ve Žlíbku: 155, 840, 1201.98675496689, 1620
Jirčanská: 156, 900, 1201.97368421053, 1500
Korytná: 156, 1080, 1201.97368421053, 1440
Na Lysinách: 156, 1020, 1201.57894736842, 1500
Janovská: 156, 1020, 1201.18421052632, 1380
Kajetánka: 156, 900, 1201.18421052632, 1560
Kamýcká: 156, 960, 1201.18421052632, 1440
Na Křečku: 156, 1020, 1201.18421052632, 1380
Nad Jetelkou: 156, 900, 1201.18421052632, 1560
Suchdolské náměstí: 156, 1080, 1201.18421052632, 1380
V Sedlci: 156, 1020, 1201.18421052632, 1440
Na Staré cestě: 156, 900, 1200.78947368421, 1560
V Mokřinách: 156, 1020, 1200.78947368421, 1380
Želivecká: 156, 900, 1200.78947368421, 1560
Kbelský lesopark: 156, 900, 1200.39473684211, 1680
Perlit: 156, 1020, 1200.39473684211, 1440
Pod Vinicí: 156, 1080, 1200.39473684211, 1320
Sportovní centrum Kbely: 156, 900, 1200.39473684211, 1800
V Korytech: 156, 1200, 1200.39473684211, 1260
Zemědělská univerzita: 156, 960, 1200.39473684211, 1500
Bucharova: 154, 780, 1200, 1800
Císařská louka: 74, 1200, 1200, 1200
Kotevní: 74, 1200, 1200, 1200
Teplická: 156, 900, 1199.60526315789, 1440
Kavkazská: 155, 900, 1199.60264900662, 1500
Kyje: 157, 900, 1199.21568627451, 1500
Stará Libuš: 156, 720, 1198.42105263158, 1500
Praha-Horní Měcholupy: 79, 390, 1198.05194805195, 1800
Nádraží Běchovice: 157, 960, 1198.03921568627, 1500
Záběhlice: 156, 960, 1197.63157894737, 1440
Bohdalecká: 156, 900, 1197.23684210526, 1500
Řeporyjské náměstí: 155, 900, 1196.82119205298, 1800
Slovinská: 156, 900, 1196.44736842105, 1740
Rohožnická: 156, 840, 1196.05263157895, 1680
Sudějovická: 156, 840, 1196.05263157895, 1560
Zbyslavská: 156, 840, 1196.05263157895, 1560
Hejtmanská: 156, 840, 1195.65789473684, 1740
Praha-Zahradní Město: 80, 150, 1195.38461538462, 1800
Sídliště Jahodnice: 156, 420, 1195.26315789474, 1620
Jahodnice: 156, 420, 1194.86842105263, 1680
Praha-Uhříněves: 79, 510, 1191.81818181818, 1860
Praha-Kolovraty: 79, 300, 1187.53246753247, 1920
Nový Hloubětín: 161, 660, 1157.57961783439, 1620
Jenerálka: 171, 420, 1094.0119760479, 1980
Obchodní centrum Štěrboholy: 174, 660, 1072.58823529412, 2280
Praha-Velká Chuchle: 87, 390, 1066.23529411765, 1800
Libocká: 176, 720, 1063.25581395349, 1620
Litovický potok: 176, 720, 1063.25581395349, 1500
Pod Lipkami: 88, 720, 1061.16279069767, 1740
Nad Klamovkou: 176, 720, 1060.81395348837, 1620
Praha-Radotín: 87, 300, 1060.23529411765, 1800
Diskařská: 176, 720, 1060.11627906977, 1560
Podbělohorská: 176, 720, 1060.11627906977, 1740
Koupaliště Čakovice: 181, 780, 1038.64406779661, 1440
Nádraží Čakovice: 181, 780, 1037.96610169492, 1500
Bojasova: 179, 600, 1037.82857142857, 1500
Cukrovar Čakovice: 181, 780, 1037.28813559322, 1560
Madlina: 182, 780, 1033.8202247191, 1500
Poliklinika Prosek: 181, 480, 1032.8813559322, 1680
Bazovského: 182, 480, 1031.4606741573, 1380
Kunratice: 181, 300, 1031.18644067797, 1680
Za Slánskou silnicí: 182, 660, 1031.12359550562, 1380
Čakovický zámek: 181, 240, 1029.83050847458, 1680
Halenkovská: 182, 540, 1029.77528089888, 1440
Obchodní náměstí: 181, 480, 1029.49152542373, 1500
Ústavy Akademie věd: 181, 900, 1029.49152542373, 1440
Kunratická škola: 180, 420, 1029.20454545455, 1560
Běchovice: 182, 600, 1028.08988764045, 1500
Šeberák: 180, 360, 1027.15909090909, 1560
Praha-Podbaba: 91, 240, 1027.07865168539, 1800
Praha-Sedlec: 91, 270, 1027.07865168539, 1800
U Včely: 182, 660, 1027.07865168539, 1380
Na Vaňhově: 182, 480, 1026.74157303371, 1380
Nádraží Horní Měcholupy: 182, 600, 1026.40449438202, 1560
Blatov: 182, 480, 1025.39325842697, 1560
Rápošovská: 182, 480, 1024.7191011236, 1740
Breitcetlova: 182, 780, 1023.37078651685, 1380
Za Horou: 182, 480, 1023.03370786517, 1440
Vajgarská: 182, 180, 1021.68539325843, 1740
Vojická: 184, 420, 1017, 1560
Uhříněves: 188, 420, 1005, 1380
Botanická zahrada Troja: 185, 780, 994.475138121547, 1800
Zoo Praha - Sklenářka: 185, 780, 994.475138121547, 1800
Huntířovská: 190, 480, 985.161290322581, 1440
Kukulova: 193, 420, 962.222222222222, 1560
Dolní Počernice: 195, 720, 959.685863874346, 1140
Komořany: 192, 600, 959.68085106383, 1440
Řepínská: 201, 360, 927.106598984772, 1800
Nádraží Uhříněves: 200, 480, 925.102040816327, 1380
Santoška: 204, 900, 918, 1200
Urbanova: 204, 900, 918, 1200
Ďáblický hřbitov: 204, 840, 918, 1260
Farkáň: 203, 900, 916.582914572864, 1200
Václavka: 203, 900, 916.582914572864, 1200
Pod Chodovem: 204, 900, 915.6, 1200
Hněvkovského: 204, 600, 913.5, 1500
Ženské domovy: 102, 900, 913.2, 1200
Bachova: 203, 600, 912.060301507538, 1500
Mikulova: 203, 660, 912.060301507538, 1440
Metodějova: 205, 900, 911.641791044776, 1200
Vršovické náměstí: 204, 900, 910.8, 1200
Ruská: 205, 900, 910.746268656716, 1260
Pavelkova: 207, 900, 906.502463054187, 1200
Petržílova: 207, 900, 906.206896551724, 1260
Platónova: 207, 900, 906.206896551724, 1260
Stodůlky-Bavorská: 208, 600, 906.176470588235, 1320
Nuselské schody: 206, 720, 905.346534653465, 1140
Pod Karlovem: 206, 660, 905.346534653465, 1200
Písková: 206, 900, 905.346534653465, 1200
Botanická zahrada: 207, 900, 904.729064039409, 1140
Chýnovská: 103, 900, 904.158415841584, 1080
Vozovna Vokovice: 207, 720, 904.137931034483, 1140
Donatellova: 206, 900, 903.861386138614, 1080
Počeradská: 209, 660, 903.80487804878, 1200
Archeologická: 206, 900, 903.564356435644, 1200
Ovčí hájek: 206, 900, 903.564356435644, 1200
Libeňská: 208, 720, 903.529411764706, 1080
Picassova: 208, 360, 903.529411764706, 1440
Prunéřovská: 208, 660, 903.529411764706, 1200
Čimice: 208, 720, 903.529411764706, 1080
Na Planině: 207, 900, 903.251231527094, 1020
Botanická zahrada Malešice: 207, 900, 902.955665024631, 1020
Vosmíkových: 207, 540, 902.955665024631, 1200
Pod Třebešínem: 208, 780, 902.941176470588, 1200
U Kříže: 208, 540, 902.941176470588, 1200
Na Strži: 207, 900, 902.660098522167, 1080
Okrouhlická: 207, 480, 902.660098522167, 1200
Krčská: 208, 900, 902.647058823529, 1200
Třebešín: 208, 780, 902.647058823529, 1200
Záběhlická škola: 207, 720, 902.364532019704, 1140
Libeňský most: 208, 900, 902.352941176471, 1140
Milevská: 104, 900, 902.352941176471, 1020
Přírodní: 208, 780, 902.352941176471, 1080
Schorova: 208, 900, 902.352941176471, 1200
Horky: 207, 900, 902.068965517241, 1020
Bakovská: 208, 660, 902.058823529412, 1140
Kavčí hory: 208, 900, 902.058823529412, 1020
Malešická: 208, 720, 902.058823529412, 1200
Ukrajinská: 208, 900, 902.058823529412, 1020
Štvanice: 208, 240, 902.058823529412, 1200
Dunajecká: 206, 900, 901.782178217822, 1080
Prašná: 103, 900, 901.782178217822, 960
Na Pazderce: 207, 900, 901.773399014778, 1020
U Lípy: 207, 600, 901.477832512315, 1200
Maniny: 207, 900, 901.182266009852, 1020
Solidarita: 207, 600, 901.182266009852, 1200
Zborov - Strašnické divadlo: 207, 660, 901.182266009852, 1200
Amforová: 207, 420, 900.886699507389, 1200
Benkova: 208, 900, 900.882352941176, 960
Brodského: 208, 900, 900.882352941176, 960
Těšnov: 207, 360, 900.591133004926, 1200
Vrbova: 104, 900, 900.588235294118, 960
Ve Studeném: 207, 900, 900.295566502463, 960
Severozápadní: 208, 900, 900.294117647059, 960
Štěpařská: 208, 720, 900.294117647059, 1080
Nová Šárka: 209, 840, 900.292682926829, 960
Arena Libeň jih: 208, 480, 900, 1200
Ocelářská: 208, 480, 900, 1200
Pekárenská: 104, 900, 900, 900
Sídliště Písnice: 208, 540, 900, 1260
U Libušské sokolovny: 208, 600, 900, 1200
Sochorcova: 105, 300, 899.417475728155, 1500
Kabešova: 209, 420, 899.414634146341, 1200
Levského: 104, 600, 898.823529411765, 1020
Sídliště Modřany: 208, 480, 898.529411764706, 1200
U Libušského potoka: 209, 600, 898.243902439024, 1140
Modřanská rokle: 208, 600, 898.235294117647, 1080
Nademlejnská: 207, 480, 897.931034482759, 1200
Podkovářská: 207, 540, 897.931034482759, 1200
U Elektry: 207, 480, 897.931034482759, 1200
Roztocká: 208, 480, 897.647058823529, 1320
Plošná: 208, 600, 897.058823529412, 1320
Praha-Hostivař: 105, 270, 895.922330097087, 1800
Mokřanská: 208, 600, 895.882352941176, 1440
Myšlínská: 208, 540, 895.294117647059, 1500
Lehovec: 210, 480, 895.04854368932, 1200
Ořechovka: 211, 600, 892.463768115942, 1200
Baterie: 211, 600, 891.884057971014, 1200
Lukavecká: 210, 300, 890.970873786408, 1560
Hercovka: 209, 480, 890.926829268293, 1080
Nad Trojou: 211, 480, 890.144927536232, 1200
Divadlo pod Palmovkou: 105, 480, 889.514563106796, 1200
Divadlo Gong: 213, 420, 880.765550239234, 1200
Nad Džbánem: 214, 420, 880.285714285714, 1200
Nádraží Vysočany: 213, 420, 879.904306220096, 1200
Hadovka: 213, 480, 879.617224880383, 1020
Praha-Bubny: 105, 120, 879.320388349515, 1590
Sídliště Červený Vrch: 215, 420, 878.388625592417, 1080
Na Pískách: 214, 480, 878.285714285714, 1020
Červený Vrch: 215, 420, 877.81990521327, 1080
Palouček: 214, 480, 877.142857142857, 1080
Nuselská radnice: 215, 540, 876.682464454976, 1080
Březiněveská: 215, 420, 870.142180094787, 1080
Klárův ústav: 220, 600, 852.777777777778, 1140
Újezd nad Lesy: 221, 120, 841.382488479263, 1800
Nádraží Horní Počernice: 222, 300, 841.376146788991, 1560
Veronské náměstí: 116, 300, 814.210526315789, 1680
Dostihová: 230, 600, 813.185840707965, 1320
Nové Petrovice: 231, 420, 813.039647577093, 1500
Livornská: 232, 480, 812.631578947368, 1380
Malvazinky: 229, 660, 812.533333333333, 1200
Poliklinika Petrovice: 231, 300, 812.511013215859, 1560
Wattova: 115, 300, 810.796460176991, 1560
Bolevecká: 230, 600, 810.265486725664, 1260
Šimůnkova: 231, 420, 806.696035242291, 1320
Hasova: 233, 420, 805.414847161572, 1080
Labe: 233, 420, 805.414847161572, 1140
Boletická: 232, 540, 803.684210526316, 960
Na Beránku: 232, 420, 803.684210526316, 1200
Rychnovská: 232, 600, 803.157894736842, 960
Cílkova: 234, 300, 801.913043478261, 960
Lhotecký les: 234, 420, 801.913043478261, 1020
Modřanská škola: 234, 420, 801.652173913043, 1020
Brechtova: 233, 480, 801.484716157205, 960
Šafránkova: 234, 360, 801.391304347826, 1200
Šperlova: 234, 600, 801.130434782609, 960
Lahovice: 234, 540, 800.608695652174, 1080
V Lískách: 117, 360, 798.782608695652, 900
Čechova čtvrť: 235, 420, 798.181818181818, 1080
Malá Chuchle: 234, 600, 797.739130434783, 1080
Nádraží Radotín: 237, 480, 795.450643776824, 1560
Praha-Kyje: 121, 120, 779.747899159664, 1800
Praha-Běchovice střed: 121, 150, 777.983193277311, 1470
Satalice: 240, 360, 777.966101694915, 1080
Ústav mateřství: 241, 360, 777.46835443038, 1200
Praha-Dolní Počernice: 121, 150, 777.226890756303, 1800
Praha-Běchovice: 121, 150, 776.974789915966, 1530
Praha-Rajská zahrada: 121, 150, 774.453781512605, 1650
Praha-Vysočany: 121, 120, 774.453781512605, 1650
Praha-Klánovice: 121, 180, 773.44537815126, 1170
Letecké muzeum: 242, 480, 773.193277310924, 1260
Důstojnické domy: 242, 420, 772.689075630252, 1260
U Vodojemu: 242, 480, 772.436974789916, 1260
Sibeliova: 247, 480, 757.037037037037, 1200
Vojenská nemocnice: 247, 480, 756.543209876543, 1140
Pohořelec: 252, 480, 744.677419354839, 960
Nové Strašnice: 256, 360, 737.857142857143, 1200
Sklářská: 255, 360, 734.103585657371, 1380
U Waltrovky: 255, 540, 733.147410358566, 1200
Gercenova: 257, 600, 731.620553359684, 1140
Sídliště Bohnice: 256, 360, 729.761904761905, 960
Ďáblice: 254, 120, 729.6, 1200
Jesenická: 258, 540, 725.433070866142, 1140
Tusarova: 258, 600, 724.488188976378, 960
Centrum Zahradní Město: 259, 480, 724, 1200
Otakarova: 258, 300, 721.889763779528, 1020
Libeňský zámek: 259, 420, 721.647058823529, 1080
Poliklinika Mazurská: 259, 420, 721.176470588235, 960
Ke Kateřinkám: 258, 480, 720.944881889764, 960
Břevnovský klášter: 260, 720, 720, 720
Drinopol: 260, 720, 720, 720
Marjánka: 260, 720, 720, 720
U Kaštanu: 260, 720, 720, 720
Říčanova: 261, 720, 720, 720
Tachovské náměstí: 260, 420, 718.59375, 900
U Památníku: 260, 420, 718.59375, 900
Sídliště Libuš: 263, 360, 715.366795366795, 1080
Lužiny: 261, 410, 714.396887159533, 900
Vinice: 261, 300, 713.463035019455, 1140
Poliklinika Vysočany: 265, 360, 706.436781609195, 960
Thákurova: 272, 60, 685.522388059701, 1020
Praha-Smíchov: 137, 120, 679.111111111111, 1290
Ústřední: 278, 540, 671.167883211679, 1200
Belárie: 282, 360, 664.748201438849, 960
Lahovičky: 282, 300, 664.532374100719, 1140
Na Vartě: 282, 300, 661.510791366906, 1200
Sídliště Prosek: 285, 420, 657.864768683274, 900
Malešické náměstí: 284, 480, 655.5, 960
Nové Dvory: 287, 300, 655.123674911661, 900
Hůrka: 287, 360, 650.406360424028, 900
Podhoří: 291, 360, 647.665505226481, 1320
U Tří svatých: 293, 240, 640.484429065744, 1140
Praha-Libeň: 147, 60, 639.51724137931, 1800
Brusnice: 295, 360, 631.752577319588, 900
Vyšehrad: 296, 600, 628.767123287671, 900
Čínská: 296, 180, 628.561643835616, 1260
Bruselská: 295, 420, 628.453608247423, 1140
Výzkumný ústav vodohospodářský: 295, 240, 628.453608247423, 1080
Průmyslová: 298, 420, 624.285714285714, 1380
Odra: 304, 240, 613.6, 1140
Katovická: 303, 240, 611.638795986622, 1020
U Průhonu: 154, 420, 609.473684210526, 960
Holešovická tržnice: 309, 420, 607.672131147541, 960
Praha-Vršovice: 156, 30, 607.207792207792, 1560
Ortenovo náměstí: 308, 420, 607.105263157895, 960
Hostivařský pivovar: 307, 480, 606.534653465347, 900
Řepčická: 308, 480, 606.513157894737, 900
Ohradské náměstí: 155, 360, 606.274509803922, 900
Jižní Město: 309, 420, 605.901639344262, 900
Krymská: 310, 480, 605.882352941176, 780
Jana Masaryka: 310, 480, 605.490196078431, 900
Čechovo náměstí: 308, 420, 605.328947368421, 900
Michelangelova: 310, 240, 605.098039215686, 900
Velká Ohrada: 310, 360, 604.901960784314, 960
Jakobiho: 309, 240, 604.72131147541, 1080
Červeňanského: 310, 420, 604.705882352941, 900
Sídliště Zahradní Město: 311, 300, 604.104234527687, 900
Píškova: 309, 360, 603.934426229508, 900
Tylova čtvrť: 309, 420, 603.737704918033, 900
Třebenická: 310, 300, 603.137254901961, 900
Na Míčánkách: 311, 480, 602.540716612378, 900
Lešanská: 310, 480, 602.156862745098, 900
Nádraží Vršovice: 310, 240, 602.156862745098, 900
Dubečská: 311, 300, 602.14983713355, 900
Radošovická: 310, 180, 601.960784313726, 900
Čakovice: 310, 180, 601.764705882353, 1020
Kodaňská: 156, 480, 601.558441558442, 720
Tempo: 312, 420, 601.558441558442, 840
Hadovitá: 310, 420, 601.372549019608, 780
Jemnická: 310, 420, 601.372549019608, 840
Kloboučnická: 311, 420, 601.368078175896, 780
Depo Kačerov: 312, 480, 601.363636363636, 900
Sídliště Krč: 312, 480, 601.363636363636, 900
V Zápolí: 312, 480, 601.363636363636, 840
Podhajská pole: 309, 360, 601.180327868852, 840
Služská: 312, 420, 601.168831168831, 900
Lotyšská: 310, 180, 600.980392156863, 960
Černínova: 311, 420, 600.977198697068, 840
U Staré pošty: 312, 420, 600.974025974026, 780
Na Palouku: 313, 420, 600.776699029126, 780
Lukášova: 311, 480, 600.586319218241, 720
Hostýnská: 312, 480, 600.584415584416, 720
Sídliště Novodvorská: 313, 420, 600.582524271845, 780
Branické náměstí: 311, 420, 600.390879478827, 840
Jílovská: 312, 480, 599.61038961039, 840
Pernerova: 312, 420, 599.61038961039, 900
Ohradní: 154, 480, 599.605263157895, 900
Šumavská: 312, 300, 599.415584415584, 900
Pod Táborem: 311, 360, 599.413680781759, 960
Balkán: 311, 240, 599.218241042345, 900
Krematorium Strašnice: 311, 300, 599.218241042345, 1020
Veletržní palác: 311, 300, 599.218241042345, 900
Vinohradské hřbitovy: 311, 240, 599.218241042345, 1020
Právnická fakulta: 311, 360, 599.022801302932, 900
Plzeňka: 313, 300, 598.640776699029, 900
Urxova: 314, 300, 598.064516129032, 960
Vozovna Strašnice: 312, 300, 598.051948051948, 900
Starý Hloubětín: 311, 180, 598.045602605863, 960
Sídliště Hloubětín: 313, 120, 597.47572815534, 900
Libuš: 314, 360, 597.290322580645, 900
Karlínské náměstí: 315, 420, 597.106109324759, 900
Sídliště Barrandov: 314, 240, 597.096774193548, 900
K Barrandovu: 313, 360, 597.087378640777, 840
Divadlo Na Fidlovačce: 316, 240, 595.576923076923, 840
Svatoplukova: 313, 180, 595.533980582524, 900
Ostrčilovo náměstí: 313, 300, 595.339805825243, 780
Albertov: 314, 300, 594.967741935484, 840
Jinonice: 315, 180, 592.508038585209, 900
Kotorská: 319, 300, 590.666666666667, 960
Praha Masarykovo nádraží: 157, 180, 590.322580645161, 1200
Družná: 323, 360, 580.25078369906, 900
Obora Hvězda: 326, 360, 575.031055900621, 720
Malý Břevnov: 325, 360, 574.392523364486, 720
Chvaly: 326, 240, 572.795031055901, 900
Dědina: 330, 240, 566.871165644172, 840
Vlastina: 330, 240, 564.478527607362, 840
Stadion Strahov: 329, 240, 564.184615384615, 840
Navigátorů: 332, 120, 562.865853658537, 960
Zbraslavské náměstí: 336, 180, 558.253012048193, 960
Vychovatelna: 336, 240, 557.530120481928, 900
Sídliště Letňany: 335, 360, 556.495468277946, 720
Staré Letňany: 336, 300, 555.903614457831, 780
Avia Letňany: 337, 360, 555.855855855856, 840
Ivančická: 168, 300, 554.819277108434, 840
Sídliště Čimice: 338, 240, 553.652694610778, 960
Vinohradská vodárna: 337, 360, 552.972972972973, 960
IKEM: 343, 300, 544.955752212389, 840
Krakov: 352, 300, 526.206896551724, 780
Kazanka: 349, 300, 523.652173913043, 1800
Kovárna: 349, 300, 523.652173913043, 1800
Zoo Praha - Troja: 349, 300, 523.652173913043, 1800
Čechova škola: 349, 300, 523.652173913043, 1800
Sídliště Ďáblice: 359, 60, 522.591549295775, 960
Plaňanská: 361, 300, 518.151260504202, 720
Obchodní centrum Hostivař: 362, 180, 517.374301675978, 900
Na Groši: 362, 180, 517.039106145251, 900
Za Avií: 362, 300, 517.039106145251, 900
Lhotka: 364, 240, 516.333333333333, 780
Hostivařská: 362, 120, 516.201117318436, 900
Trutnovská: 361, 120, 516.134453781513, 840
Donovalská: 363, 300, 516.100278551532, 780
Zelená: 363, 180, 515.766016713092, 780
Antala Staška: 362, 420, 515.698324022346, 660
Ryšánka: 362, 420, 515.698324022346, 720
Sídliště Spořilov: 362, 120, 515.698324022346, 840
Vyskočilova: 363, 420, 514.930362116992, 900
Šafránecká: 362, 120, 514.692737430168, 900
K Žižkovu: 363, 240, 513.927576601671, 840
Nový Prosek: 363, 120, 513.927576601671, 840
Povltavská: 178, 300, 513.75, 1800
Perunova: 363, 360, 513.426183844011, 780
Schengenská: 185, 60, 508.524590163934, 900
Kolbenova: 368, 360, 506.277472527473, 830
Bulovka: 374, 240, 502.702702702703, 840
Chodovská tvrz: 383, 300, 487.440633245383, 840
Sulická: 390, 240, 481.39896373057, 720
Jiřího z Poděbrad: 390, 280, 480.310880829016, 680
Radlická: 393, 180, 476.516709511568, 815
Zlíchov: 393, 120, 475.372750642674, 840
Kbely: 397, 180, 471.603053435115, 720
Nové náměstí: 401, 60, 467.002518891688, 840
V Podbabě: 400, 120, 466.969696969697, 840
Na Homoli: 402, 120, 464.472361809045, 1020
Malešická továrna: 402, 60, 464.321608040201, 1080
Bílá Hora: 403, 180, 462.706766917293, 720
Terminál 2: 409, 60, 457.037037037037, 840
Štěpničná: 412, 120, 455.735294117647, 900
Dělnická: 412, 240, 454.558823529412, 780
Letenské náměstí: 413, 240, 454.474327628362, 840
Kamenická: 412, 180, 454.117647058824, 840
Sparta: 413, 240, 454.034229828851, 720
Korunovační: 207, 240, 453.951219512195, 840
Nad Pahorkem: 207, 360, 453.073170731707, 600
Choceradská: 208, 240, 452.621359223301, 660
Na Padesátém: 415, 60, 452.262773722628, 960
Karlovy lázně: 414, 300, 452.048780487805, 720
Hlavní: 415, 240, 451.970802919708, 720
Jiráskovo náměstí: 416, 240, 451.747572815534, 660
Moráň: 207, 180, 451.609756097561, 720
Obchodní centrum Čakovice: 413, 120, 451.540342298289, 900
Plynárna Michle: 414, 300, 451.463414634146, 600
U Labutě: 414, 360, 451.463414634146, 600
Brumlovka: 415, 180, 450.948905109489, 720
Poliklinika Budějovická: 415, 180, 450.948905109489, 720
Rajská zahrada: 415, 180, 450.36496350365, 835
Kublov: 417, 120, 450.363196125908, 720
Chmelnice: 415, 180, 449.78102189781, 780
Strážní: 414, 120, 449.121951219512, 780
Poštovka: 417, 180, 449.055690072639, 660
Hotel Golf: 416, 180, 448.980582524272, 660
Vozovna Motol: 418, 240, 448.840579710145, 660
Sídliště Pankrác: 415, 60, 448.759124087591, 900
Čechův most: 416, 120, 448.543689320388, 720
Ke Stírce: 417, 180, 448.18401937046, 720
Krejcárek: 418, 240, 447.101449275362, 780
Náměstí Bratří Synků: 423, 120, 444.773269689737, 600
Hlubočepy: 421, 180, 444.028776978417, 840
Sídliště Na Dědině: 435, 120, 429.883990719258, 780
Ciolkovského: 435, 120, 429.744779582367, 780
Modrá škola: 437, 180, 427.621247113164, 720
Sídliště Petřiny: 438, 120, 427.465437788018, 720
Větrník: 438, 60, 427.188940092166, 720
Nádraží Modřany: 438, 120, 426.774193548387, 720
Stodůlky: 438, 215, 426.370967741935, 860
Fryčovická: 440, 180, 424.54128440367, 600
Letiště: 224, 0, 415.945945945946, 900
U Hangáru: 456, 60, 410.973451327434, 900
Zhořelecká: 457, 240, 410.198675496689, 840
K Letišti: 455, 60, 409.889135254989, 900
Terminál 3: 455, 60, 409.756097560976, 780
Průběžná: 462, 60, 404.934497816594, 840
Boloňská: 464, 180, 402.652173913043, 720
Pod Dálnicí: 466, 180, 402.077922077922, 600
Kněžská luka: 466, 180, 401.688311688312, 660
Na Hroudě: 466, 240, 401.168831168831, 660
Staré Strašnice: 466, 120, 401.038961038961, 780
Sídliště Lhotka: 467, 120, 400.950323974082, 600
Bohdalec: 465, 60, 400.737527114967, 780
Sídliště Řepy: 466, 240, 400.649350649351, 540
Poliklinika Modřany: 467, 180, 400.561555075594, 600
Dobratická: 467, 180, 400.431965442765, 720
Tupolevova: 467, 120, 400.431965442765, 660
Černý kůň: 469, 120, 400, 720
Orionka: 468, 180, 399.698275862069, 780
Bílá labuť: 467, 60, 398.747300215983, 660
Geologická: 469, 120, 398.709677419355, 600
Balabenka: 472, 120, 395.897435897436, 720
Letňanská: 493, 60, 378.895705521472, 660
Terminál 1: 497, 60, 377.403651115619, 720
Sídliště Petrovice: 495, 120, 376.985743380855, 720
Chaplinovo náměstí: 496, 120, 376.585365853659, 780
Luka: 501, 15, 372.253521126761, 840
Nádraží Podbaba: 503, 60, 370.100200400802, 780
Vozovna Kobylisy: 507, 60, 369.900596421471, 720
Mezi Hřbitovy: 255, 60, 367.351778656126, 780
Litochlebské náměstí: 513, 180, 365.304518664047, 660
Kubánské náměstí: 517, 60, 362.80701754386, 720
Podolská vodárna: 518, 120, 361.984435797665, 720
Čimický háj: 518, 180, 361.634241245136, 480
Teplárna Michle: 518, 120, 361.517509727626, 600
Písečná: 519, 300, 361.398058252427, 540
Dlouhá třída: 519, 120, 361.281553398058, 540
Masarykovo nádraží: 519, 60, 361.165048543689, 720
Bohemians: 518, 120, 360.933852140078, 600
Pod Jezerkou: 518, 180, 360.817120622568, 480
Bertramka: 520, 120, 360.697674418605, 600
Olšanská: 517, 120, 360.584795321637, 660
Lipanská: 520, 240, 360.46511627907, 540
Pobřežní cesta: 519, 180, 360.116504854369, 600
Poliklinika Barrandov: 522, 120, 357.683397683398, 720
Vozovna Žižkov: 526, 60, 354.252873563218, 600
Chodovec: 537, 180, 347.617260787993, 600
Blatiny: 545, 0, 343.69685767098, 540
U Zvonu: 547, 120, 343.204419889503, 600
Hlušičkova: 559, 0, 334.27027027027, 600
Krematorium Motol: 559, 60, 334.27027027027, 600
Trojská: 561, 120, 332.962298025135, 780
Limuzská: 564, 0, 332.142857142857, 540
Nádraží Hostivař: 567, 60, 331.438721136767, 600
Vozovna Střešovice: 568, 120, 329.787234042553, 660
Viktoria Žižkov: 572, 60, 327.359154929577, 540
Nádraží Libeň: 572, 60, 327.253521126761, 720
Hloubětín: 572, 75, 326.672535211268, 730
Českomoravská: 584, 60, 320.758620689655, 740
Můstek: 583, 180, 320.59585492228, 450
Výtoň: 592, 60, 316.020408163265, 600
Olšanské hřbitovy: 595, 60, 314.416243654822, 720
Novodvorská: 597, 120, 313.659359190556, 480
Výstaviště Letňany: 597, 120, 313.558178752108, 540
Štěpánská: 606, 60, 307.873754152824, 540
Tyršův dům: 305, 60, 306.930693069307, 600
Pražské Jezulátko: 305, 60, 306.732673267327, 600
Chotkovy sady: 613, 60, 306.305418719212, 720
Nábřeží Kapitána Jaroše: 309, 0, 302.736156351792, 720
Bělocerkevská: 622, 120, 301.650485436893, 540
Michelská: 622, 120, 301.553398058252, 540
Jindřišská: 622, 60, 300.970873786408, 600
Vodičkova: 623, 60, 300.969305331179, 540
Lazarská: 623, 60, 300.872374798061, 540
Václavské náměstí: 624, 60, 300.483870967742, 540
Vítězné náměstí: 625, 60, 299.710144927536, 600
Muzeum: 634, 120, 294.968253968254, 450
Nové Butovice: 640, 60, 291.981132075472, 540
Petřiny: 646, 110, 289.898753894081, 480
Malostranské náměstí: 659, 120, 283.87786259542, 600
Koh-i-noor: 669, 60, 278.345864661654, 600
Kotlářka: 674, 60, 277.791044776119, 600
Slánská: 677, 60, 277.711738484398, 540
Dvorce: 676, 60, 277.053571428571, 480
Křižíkova: 689, 60, 271.686131386861, 445
Invalidovna: 689, 60, 271.007299270073, 450
Nemocnice Motol: 701, 120, 267.180774748924, 450
Flora: 702, 60, 266.131805157593, 540
Bořislavka: 706, 60, 265.099715099715, 480
Výstaviště: 705, 60, 264.051355206847, 600
Prašný most: 718, 60, 260.924369747899, 600
Nádraží Zahradní Město: 726, 60, 258.282548476454, 480
Zahradní Město: 726, 60, 258.116343490305, 540
Chodovská: 724, 120, 258.083333333333, 420
Strašnická: 726, 60, 257.894736842105, 450
Divoká Šárka: 726, 0, 257.617728531856, 600
Biskupcova: 735, 60, 254.363885088919, 420
Vypich: 752, 0, 248.181818181818, 660
Nádraží Braník: 755, 60, 247.669773635153, 540
Palackého náměstí: 774, 60, 241.636363636364, 540
Kavalírka: 775, 60, 241.47859922179, 480
Sídliště Malešice: 776, 60, 241.39896373057, 420
Spojovací: 777, 60, 241.086675291074, 480
Staroměstská: 775, 60, 240.856031128405, 430
Nádraží Veleslavín: 779, 60, 240.41935483871, 415
Olšanské náměstí: 779, 60, 240.309677419355, 420
Přístaviště: 781, 60, 240.07722007722, 420
Střížkov: 787, 80, 237.452107279693, 450
Zálesí: 804, 60, 232.95, 360
Motol: 804, 0, 232.2, 480
Vltavská: 812, 60, 230.457920792079, 480
Malovanka: 815, 60, 229.938347718866, 540
Klamovka: 824, 0, 227.19512195122, 420
Skalka: 826, 60, 226.392944038929, 450
Strossmayerovo náměstí: 824, 60, 226.390243902439, 600
Praha hl.n.: 414, 0, 225.728155339806, 900
Náměstí Míru: 829, 60, 225.339393939394, 480
Ládví: 836, 60, 224.621394230769, 540
Zličín: 840, 0, 222.278708133971, 480
Na Knížecí: 848, 60, 221.018957345972, 420
Spořilov: 881, 120, 212.702394526796, 360
Horčičkova: 881, 60, 212.223489167617, 420
Hlavní nádraží: 892, 60, 210.208333333333, 420
Náměstí Republiky: 893, 65, 209.308211473566, 410
Opatov: 914, 25, 204.472527472527, 480
Slavia - Nádraží Eden: 933, 0, 201.313240043057, 420
Ohrada: 932, 0, 201.271551724138, 480
Dejvická: 949, 55, 197.010582010582, 420
Dědinova: 963, 120, 194.640250260688, 240
Depo Hostivař: 969, 60, 193.20207253886, 480
Vysočanská: 985, 60, 189.928644240571, 420
Roztyly: 1003, 60, 186.846846846847, 300
Novoměstská radnice: 510, 0, 184.251968503937, 480
Arbesovo náměstí: 1034, 60, 180.990291262136, 420
Švandovo divadlo: 1037, 60, 180.871248789932, 360
Prosek: 1047, 10, 178.322147651007, 440
Malostranská: 1073, 5, 174.256314312442, 450
Nemocnice Krč: 1096, 60, 170.659340659341, 360
Nákladové nádraží Žižkov: 1148, 60, 163.006993006993, 300
Pankrác: 1196, 0, 156.543624161074, 240
Újezd: 1232, 60, 152.00325732899, 360
I. P. Pavlova: 1245, 0, 150.326349717969, 360
Háje: 1256, 55, 149.01357827476, 300
Černý Most: 1328, 0, 141.253776435045, 300
Národní divadlo: 1334, 0, 140.300751879699, 360
Hradčanská: 1360, 5, 137.798672566372, 405
Lihovar: 1385, 0, 135.07603186097, 300
Florenc: 1404, 0, 133.646428571429, 350
Letňany: 1408, 0, 133.126780626781, 300
Pražského povstání: 1499, 0, 125.020066889632, 275
Národní třída: 1499, 30, 124.836120401338, 300
Budějovická: 1514, 0, 123.814569536424, 240
Karlovo náměstí: 1522, 0, 122.961133069829, 280
Chodov: 1540, 5, 121.767578125, 240
Anděl: 1537, 0, 121.735159817352, 240
Nádraží Holešovice: 1534, 0, 121.578431372549, 415
Kobylisy: 1569, 25, 119.415335463259, 315
Palmovka: 1681, 0, 111.520572450805, 300
Kačerov: 1713, 0, 109.256875365711, 240
Smíchovské nádraží: 1789, 0, 104.733893557423, 240
Želivského: 2381, 0, 78.5527976440892, 240
